0.201868
-1.54449
-1.46679
-1.41074
-0.0586995
-1.61805
-0.483159
0.605852
0.034046
2.81931
0.0525658
-0.156537
0.690016
-0.838354
-1.90549
-0.0648952
0.0752879
0.145936
-0.616582
0.0903302
-2.08348
0.189119
0.321098
0.348177
-2.00766
-1.01759
-0.383585
1.45654
-0.218336
0.54121
-0.575362
-2.20754
1.03414
-0.258234
-0.777841
0.74606
-0.201073
0.479878
-0.78097
-0.213222
0.175331
1.40434
-1.37584
-0.0510664
1.94214
0.502274
-2.33415
-1.10919
-0.629037
0.234161
-0.0718921
-1.16012
0.138346
-1.57195
0.463268
0.201931
1.41167
-0.501932
0.258238
0.894587
2.65497
2.15254
-1.19793
0.0846355
1.17733
2.08998
0.0234642
1.57488
0.480856
-2.34747
0.859847
-0.688668
