1.83449
3.84858
0.0339896
0.343279
-0.31497
-3.87549
0.599354
-2.55253
-0.262606
3.21996
1.28325
3.33334
0.69393
4.22798
0.0791966
-0.673771
-1.12262
-2.57533
0.136651
1.2903
-0.83457
-4.85767
0.783886
1.48236
-2.84721
-0.0430553
1.04157
0.222865
0.642471
5.94898
-3.39867
1.15815
-0.97905
-0.808507
-2.45205
-3.01818
0.839237
-2.14469
-4.96102
1.19825
1.83843
-0.707199
1.79876
5.04885
-0.23716
-2.49036
-0.0512695
-0.86977
-0.876862
-3.04437
1.84217
2.51862
-1.64465
2.29411
3.0528
1.30305
-1.86995
1.52595
-1.3252
-0.41178
0.852119
-3.3128
-0.0720072
4.38192
0.0292763
-0.912653
-1.27059
0.756533
0.0860183
-0.516588
3.11537
-1.61232
