-0.0720665
-0.339789
-0.34368
-0.505999
-1.70268
-0.221921
0.21944
-1.22775
-0.468555
-0.343598
1.52552
0.612531
0.916012
0.208078
-0.497564
-0.178222
1.14925
0.0583313
0.199028
-0.62946
-0.0136179
0.618
-0.110494
0.538378
-0.814857
0.104906
-1.06231
-0.172705
-0.398012
-0.693465
0.276108
0.599148
0.25337
-0.168818
0.436892
0.767776
0.0327488
1.2977
0.113511
0.049
-0.488801
1.50874
-0.0719422
-0.347144
-0.154393
-0.587974
0.507742
0.25568
0.694611
0.219893
-0.854469
-0.125531
-0.156141
-0.605757
0.365596
0.642343
-0.232418
-0.43756
0.109727
-0.664017
0.239679
-0.992458
-0.0933552
-0.520855
0.358341
0.377228
0.902
2.0833
-0.306927
0.690113
1.42522
0.696429
