1.27653
-0.257433
-1.66599
0.0518481
-0.424875
0.156112
0.26193
0.0926854
0.56367
0.564139
0.811941
-0.275054
0.585219
0.662658
-2.08889
-0.00935755
0.889453
-1.46702
-1.70555
-0.0435923
-0.750894
1.82856
-0.732772
0.564673
0.643282
-1.55093
0.309403
-0.392735
-0.999793
-2.88419
0.0170413
-0.928808
0.143066
0.119053
0.000279336
-0.0714464
0.546235
-0.170019
-0.169197
1.06726
0.212358
-0.163068
1.16614
-0.118027
0.445457
1.43278
0.278011
-0.661531
-1.38481
-0.224205
-0.0322392
1.1732
0.334348
-1.4589
0.341385
-0.596432
0.247615
0.247075
-0.987127
-0.0550335
0.294393
-0.0312104
1.21359
0.384601
0.789856
0.46105
-0.66056
-0.492324
0.99017
-0.126012
0.256532
0.0290079
