0.380109
-0.181205
-0.245306
-0.458125
0.689502
0.348531
0.246108
0.0121445
-1.90692
-0.500544
-0.937651
-1.26199
0.319468
-0.872176
-0.4058
-0.0111489
0.121597
-0.0616119
0.566932
0.278192
0.619455
0.285811
-0.549493
-0.156353
-1.00292
0.687082
-0.210067
-0.411754
-0.0751174
0.58519
-1.04981
-2.56905
0.80989
-1.1994
-0.13834
-0.81882
-0.846127
-0.299001
0.408042
-0.124156
-0.268878
-0.402331
-0.650249
-0.774073
0.470772
1.05144
-0.234679
-0.0535327
0.794866
0.141989
0.413956
-0.885236
-1.02511
-0.50555
0.683664
0.486068
0.999887
-0.630242
0.789725
0.264539
-0.317057
-0.311868
0.180093
-0.0971093
0.0518077
-0.0151549
-0.49821
1.23683
-0.615324
-0.504365
-0.107864
-0.0283053
