0.000453094
2.35218
-2.25463
-2.53265
1.15389
0.850124
0.495948
0.54657
0.00214798
-0.453786
-0.744827
0.440514
1.33271
0.559774
-4.03787
-0.0985385
0.140595
-0.868452
0.313684
-0.599412
-0.776323
-0.369759
-1.13179
-0.197137
1.81238
-2.64778
0.595923
-1.09658
-1.0277
-0.411454
-1.00741
0.584537
0.712822
2.71255
0.96688
-4.47025
-0.109009
0.16515
-2.82164
-3.50223
-0.640986
-0.196657
-5.52198
-1.08414
0.426444
0.263185
-0.618987
-1.19155
1.29558
2.07134
0.265537
-0.0333781
-0.8354
-0.853911
-0.5139
0.478125
-1.51682
0.999245
0.191134
0.728447
-0.854948
-1.01153
0.433378
1.34896
0.831257
0.0374693
1.43665
1.56311
-0.354985
0.294602
-0.0913848
2.27359
