-0.924852
0.06628
0.0669923
-0.296534
-0.144745
0.365833
0.492073
0.509025
-0.142234
0.500747
0.20279
0.183334
0.290372
-0.206138
-0.377644
0.00322028
-0.135232
0.737775
0.132109
0.518129
-1.90158
0.25094
0.785924
-0.697463
-1.28793
0.604008
0.0305452
0.132389
0.450991
0.0711983
-1.97345
0.510008
-0.392955
0.860768
-0.752064
-0.321633
0.458434
0.282039
0.534491
0.166647
0.175439
1.01336
0.354953
-0.700034
-0.0315651
0.203798
0.412833
-0.765385
-0.215636
0.708312
-1.58389
0.497991
-0.392216
-0.688864
0.424851
-0.600294
-0.0589279
-0.993268
-0.0538632
1.14498
-0.606008
0.198063
-0.30164
-1.1764
1.11293
-0.379596
-0.350448
0.0262814
0.267951
0.302925
-0.461283
0.408767
