-0.800716
-1.69437
0.453145
-0.59487
-0.528568
0.706839
-0.012433
0.307351
-0.661346
0.208837
-0.456367
-0.122192
1.65507
-0.160608
0.828566
-0.882353
-0.791001
-1.15702
-0.028229
0.675572
2.41056
1.68861
0.502486
0.667955
1.24287
-0.388344
0.355936
0.0165477
-1.05612
-0.534766
-1.29229
-2.40766
-1.06518
1.36755
0.176783
0.799919
0.390855
-0.163552
-1.40613
-0.423069
0.335802
0.911143
-0.248168
0.844486
-0.580628
2.23016
0.087515
-0.524282
0.111972
-1.34867
-0.0605286
-0.179754
-1.14518
0.379116
2.84775
0.370166
-0.894228
-0.911444
-0.502554
0.684246
0.251665
0.034735
0.201384
-0.619774
0.436972
-0.0321772
-1.35684
0.294815
0.14638
0.339832
-0.148265
-1.54688
