-0.645986
0.93126
1.02194
4.08947
1.70066
0.34838
-0.785879
-0.512393
0.77371
2.16964
0.564797
-1.06643
0.854866
4.37395
-4.24455
2.99048
-0.252702
1.05866
-1.09791
-1.59325
0.26051
-1.87587
-0.337453
0.733988
3.39507
0.613282
0.70596
1.29905
0.396226
-1.96786
-1.06452
-1.73791
1.14388
-0.323055
1.63149
1.02518
-2.53519
1.59415
-2.26437
-0.111844
0.717912
0.57126
-4.14023
1.21897
0.184393
-3.57813
-1.69102
-1.34113
-0.0560087
1.86784
-1.94588
-1.71889
-2.97275
-3.29663
-0.712927
-0.721561
-2.09532
0.00778833
3.70525
0.970896
2.39156
-0.216929
0.835216
-0.740879
-0.521598
-0.563798
-0.641398
-2.7454
-0.668156
-0.170744
-0.622234
3.30413
